[3,3,2]=
=[[3, 3, 1], 2, 3]=
=[[[3, 3, 1], 2, 2], 1, [3, 3, 1]]=
=[[[3, 3, 1], 2, 2], 1, [3, 3, 1]-n]+n= #rakendan n korda I valemit
=[[[3, 3, 1], 2, 2], 1, [3, 3, 1]-[3, 3, 1]]+[3, 3, 1]= #rakendan f(3,3,1) korda I valemit
=[[[3, 3, 1], 2, 2], 1, 0]+[3, 3, 1]=
=[[3, 3, 1], 2, 2]+[3, 3, 1]=
=[[3, 3, 1], 2, 2]+[[3, 3, 0], 2, 3]=
=[[3, 3, 1], 2, 2]+[[[3, 3, 0], 2, 2], 1, [3, 3, 0]]=
=[[3, 3, 1], 2, 2]+[[[3, 3, 0], 2, 2], 1, [3, 3, 0]-n]+n= #rakendan n korda I valemit
=[[3, 3, 1], 2, 2]+[[[3, 3, 0], 2, 2], 1, [3, 3, 0]-[3, 3, 0]]+[3, 3, 0]= #rakendan f(3,3,0) korda I valemit
=[[3, 3, 1], 2, 2]+[[[3, 3, 0], 2, 2], 1, 0]+[3, 3, 0]=
=[[3, 3, 1], 2, 2]+[[3, 3, 0], 2, 2]+[3, 3, 0]=
=[[3, 3, 1], 2, 2]+[[3, 3, 0], 2, 2]+[[3, 3, -1], 2, 3]=
=[[3, 3, 1], 2, 2]+[[3, 3, 0], 2, 2]+[[[3, 3, -1], 2, 2], 1, [3, 3, -1]]=
=[[3, 3, 1], 2, 2]+[[3, 3, 0], 2, 2]+[[[3, 3, -1], 2, 2], 1, [3, 3, -1]-n]+n= #rakendan n korda I valemit
=[[3, 3, 1], 2, 2]+[[3, 3, 0], 2, 2]+[[[3, 3, -1], 2, 2], 1, [3, 3, -1]-[3, 3, -1]]+[3, 3, -1]= #rakendan f(3,3,-1) korda I valemit
=[[3, 3, 1], 2, 2]+[[3, 3, 0], 2, 2]+[[[3, 3, -1], 2, 2], 1, 0]+[3, 3, -1]=
=[[3, 3, 1], 2, 2]+[[3, 3, 0], 2, 2]+[[3, 3, -1], 2, 2]+[3, 3, -1]=